80
87
4 28 34
63 62 5
9 67 41
5 37 14
45 70 9
61 19 29
1 38 30
78 49 2
69 5 17
62 76 25
9 31 9
29 27 35
3 35 47
33 41 2
76 18 38
59 35 44
53 50 23
40 15 10
56 63 31
68 23 33
25 47 7
57 65 13
11 32 2
38 60 41
79 65 17
11 57 28
7 58 38
80 19 19
24 72 40
68 61 3
30 25 38
67 71 5
25 32 28
17 44 42
21 22 26
20 59 43
8 29 46
46 16 43
37 50 5
39 47 10
77 79 42
25 28 17
5 42 47
53 73 13
34 61 47
51 61 32
17 66 45
6 62 30
67 43 7
14 75 19
6 60 14
39 40 13
31 22 18
15 54 12
66 64 32
53 62 21
4 51 35
45 74 47
40 35 21
48 49 46
70 6 48
16 29 28
26 66 22
56 11 16
56 7 8
18 30 35
13 37 12
3 16 5
48 43 30
1 6 37
8 62 14
36 78 17
23 3 22
58 72 2
52 57 40
5 78 33
63 65 7
44 12 14
62 18 30
10 23 7
18 74 32
14 38 41
10 7 48
65 19 50
55 35 48
57 17 10
9 2 21